l: 135
y: 1.0 1.0 1.0 1.0 1.0 1.0 1.0 1.0 1.0 1.0 1.0 1.0 1.0 1.0 1.0 1.0 1.0 1.0 1.0 1.0 1.0 1.0 1.0 1.0 1.0 1.0 1.0 1.0 1.0 1.0 1.0 1.0 1.0 1.0 1.0 1.0 1.0 1.0 1.0 1.0 1.0 1.0 1.0 1.0 1.0 0.0 0.0 0.0 0.0 0.0 0.0 0.0 0.0 0.0 0.0 0.0 0.0 0.0 0.0 0.0 0.0 0.0 0.0 0.0 0.0 0.0 0.0 0.0 0.0 0.0 0.0 0.0 0.0 0.0 0.0 0.0 0.0 0.0 0.0 0.0 0.0 0.0 0.0 0.0 0.0 0.0 0.0 0.0 0.0 0.0 -1.0 -1.0 -1.0 -1.0 -1.0 -1.0 -1.0 -1.0 -1.0 -1.0 -1.0 -1.0 -1.0 -1.0 -1.0 -1.0 -1.0 -1.0 -1.0 -1.0 -1.0 -1.0 -1.0 -1.0 -1.0 -1.0 -1.0 -1.0 -1.0 -1.0 -1.0 -1.0 -1.0 -1.0 -1.0 -1.0 -1.0 -1.0 -1.0 -1.0 -1.0 -1.0 -1.0 -1.0 -1.0
x:
0.10024752475247525 0.0975609756097561 0.0 1.0 0.0 0.0 0.0 0.0 0.06382978723404255 0.0 0.3522138890491458 0.07692307692307693 0.0 0.005810580558126928 0.0012376237623762376 0.0 0.0 0.3333333333333333 0.30332779743570876 0.0 0.0 0.0 0.0 0.0 0.03811320754716981
0.03008849557522124 0.05405405405405406 0.0 1.0 0.0 0.0 0.0 0.0 0.09615384615384616 0.0 0.22361372069467395 0.047619047619047616 1.0 0.008522960044883569 0.0017699115044247787 0.0 0.0 0.0 0.1973910888439696 1.0 0.0 0.0 0.0 0.0 0.060752688172043004
0.032567049808429116 0.08571428571428572 0.0 1.0 0.0 0.0 0.0 0.0 0.09375 0.0 0.14655094334128468 0.02857142857142857 0.0 0.009269665854758264 0.0019157088122605363 0.0 0.0 0.3333333333333333 0.14655094334128468 0.0 0.0 0.0 0.0 0.0 0.04660714285714286
0.0208078335373317 0.041666666666666664 0.0 0.5 0.0 0.0 0.0 0.0 0.16346153846153846 0.0 0.15716896703642502 0.041666666666666664 0.0 0.002888194962390676 6.119951040391676E-4 0.0 0.0 0.0 0.15716896703642502 0.0 0.0 0.0 0.0 0.0 0.052038216560509554
0.04002760524499655 0.5 0.0 0.0 0.3333333333333333 0.0 0.0 0.0 0.07250755287009064 0.0 0.25154575973880855 0.07142857142857142 0.0 0.003247183683256813 6.901311249137336E-4 0.0 0.0 0.0 0.1354477167824354 0.25 0.0 0.0 0.0 0.0 0.04404255319148936
0.03759398496240601 0.22727272727272727 0.0 0.2 0.0 0.0 0.0 0.0 0.06666666666666667 0.0 0.46438561897747244 0.2 0.0 0.011619374144300513 0.002506265664160401 0.0 0.0 0.25 0.41562982680794197 0.0 0.0 0.0 0.0 0.0 0.05700000000000001
0.02387267904509284 0.0 0.0 0.3333333333333333 0.0 0.0 0.0 0.0 0.05128205128205128 0.0 0.0 0.0 0.0 0.012413373091586431 0.002652519893899204 0.0 0.0 0.0 0.0 0.0 0.0 0.0 0.0 0.0 0.065
0.02730551262235961 0.07158836689038031 0.0 0.02564102564102564 1.0 0.0 0.0 0.0 0.06862745098039216 0.5 0.5283208335737187 0.008403361344537815 0.0 0.0012977627768905062 2.5759917568263783E-4 0.0 0.3333333333333333 0.2 0.16912991677827752 1.0 1.0 0.0 0.0 0.0 0.054599156118143456
0.028805970149253728 0.12368421052631579 0.0 0.0625 0.0 0.0 0.0 0.0 0.07523148148148148 0.5 0.5283208335737187 0.014925373134328358 0.0 6.310187023955446E-4 1.4925373134328358E-4 0.0 0.3333333333333333 0.125 0.21624088532491628 0.5 0.1 0.0 0.0 0.0 0.02559205500381971
0.027564392227745142 0.03189066059225513 0.0 0.0 1.0 0.0 0.0 0.0 0.08359133126934984 0.2 0.15744241490954225 0.010638297872340425 0.0 0.0021406078440322465 4.5187528242205153E-4 0.0 0.3475177304964539 0.08333333333333333 0.08929841825873758 0.0 0.3333333333333333 0.0 0.0 0.0 0.038486956521739134
0.0260235947258848 0.04242343895001989 0.0 0.07142857142857142 0.0 0.0 0.0 0.0 0.03850687622789784 0.047619047619047616 0.5283208335737187 0.019230769230769232 0.0 3.055872842178893E-4 5.783021050196623E-5 0.0 0.3333333333333333 0.0036363636363636364 0.13592268041844954 0.07692307692307693 0.0 0.0 0.0 0.0 0.05538757206918642
0.029388083735909825 0.18326693227091634 0.0 0.2 0.0 0.0 0.0 0.0 0.10991957104557641 0.5 0.5283208335737187 0.015384615384615385 1.0 0.0018912763113984492 4.0257648953301127E-4 0.0 0.3333333333333333 0.25 0.2570792271744615 1.0 0.0 0.0 0.0 0.0 0.034936708860759495
0.038416763678696154 0.3076923076923077 0.0 1.0 0.0 0.0 0.0 0.0 0.12403100775193798 0.0 0.5 0.1 0.0 0.005497759301463668 0.0011641443538998836 0.0 0.0 0.0 0.3525301647946956 0.0 0.0 0.0 0.0 0.0 0.04071090047393365
0.03126028298782494 0.13592233009708737 0.0 0.3333333333333333 0.0 0.0 0.0 0.0 0.1042830540037244 0.0 0.5283208335737187 0.05555555555555555 0.0 0.0016535801575854913 3.290556103981573E-4 0.0 0.0 0.0 0.30663638983715646 0.0 0.0 0.0 0.0 0.0 0.05994082840236686
0.02922077922077922 0.030303030303030304 0.0 0.0 0.0 0.0 0.0 0.0 0.2916666666666667 0.0 0.11476681587095036 0.030303030303030304 0.0 0.015217488678882621 0.003246753246753247 0.0 0.0 0.0 0.11476681587095036 0.0 0.0 0.0 0.0 0.0 0.04967741935483871
0.033105022831050226 0.06122448979591837 0.0 0.5 0.0 0.0 0.0 0.0 0.07272727272727272 0.0 0.375 0.030303030303030304 0.0 0.005286131437088341 0.001141552511415525 0.0 0.0 1.0 0.16115325947889178 1.0 0.0 0.0 0.0 0.0 0.04211538461538462
0.04116059379217274 0.22619047619047616 0.0 0.1111111111111111 0.0 0.0 0.0 0.0 0.11206896551724138 0.0 0.5 0.047619047619047616 0.0 0.003184151815587392 6.747638326585695E-4 0.0 0.0 1.0 0.3234738724173969 0.0 0.0 0.0 0.0 0.0 0.027857142857142858
0.031765805045157275 0.03885135135135135 0.0 0.25 0.0 0.0 0.0 0.0 0.0947075208913649 0.16666666666666666 0.5 0.014705882352941176 0.0 0.0015066173826978817 3.114294612270321E-4 0.0 0.3333333333333333 0.05263157894736842 0.11059627608329033 0.0 0.3333333333333333 0.0 1.0 0.0 0.04225
0.035849056603773584 1.0 0.0 0.2 0.0 0.0 0.0 0.0 0.049019607843137254 0.0 0.0 1.0 0.0 0.009087428978726768 0.0018867924528301887 0.0 0.0 0.0 0.0 0.0 0.0 0.0 0.0 0.0 0.08412698412698412
0.03516704345641798 0.050933786078098474 0.0 0.1 0.0 0.0 0.0 0.0 0.07205240174672489 0.16666666666666666 0.5283208335737187 0.010869565217391304 0.0 0.001266446091358094 2.5119316754584274E-4 0.0 0.3333333333333333 0.3333333333333333 0.1470370193482917 0.0 0.0 0.0 0.0 0.0 0.04208245243128964
0.02470059880239521 0.08353221957040573 0.0 0.2 0.0 0.0 0.0 0.0 0.09871244635193133 0.3333333333333333 0.5283208335737187 0.009523809523809525 0.0 9.657397926631777E-4 1.8712574850299402E-4 0.0 0.3333333333333333 0.0 0.20034434957255248 0.0 0.16666666666666666 0.0 0.0 0.0 0.08171253822629969
0.04228855721393034 0.15384615384615385 0.0 0.0 0.0 0.0 0.0 0.0 0.15151515151515152 0.0 0.5 0.09090909090909091 0.0 0.009895142263375975 0.0024875621890547263 0.0 0.0 0.3333333333333333 0.3848533927918746 0.0 1.0 0.0 0.0 0.0 0.02593548387096774
0.029876977152899827 0.07329842931937174 0.0 1.0 0.0 0.0 0.0 0.0 0.03571428571428571 1.0 0.5 0.02 1.0 0.0046929819208909145 8.787346221441124E-4 0.0 0.3333333333333333 0.3333333333333333 0.21052440877285097 0.0 1.0 0.0 0.0 0.0 0.05103139013452915
0.02823487628743933 0.2412769116555308 0.0 0.01098901098901099 0.0 0.0 0.0 0.0 0.04057428214731586 0.0 0.5 0.043478260869565216 0.0 2.2986967390571525E-4 5.919261276192731E-5 0.0 0.0 0.014705882352941176 0.27982400745184244 0.0 0.0 0.0 0.0 0.0 0.02229936642027455
0.02064896755162242 0.03763440860215054 0.0 0.0 0.0 0.0 0.0 0.0 0.0 0.0 0.17236842450545883 0.03333333333333333 0.0 0.014246795483768162 0.0029498525073746312 0.0 0.0 0.0 0.15432563595311388 0.0 0.0 0.0 0.0 0.0 0.14125
0.022914757103574702 0.019650655021834062 0.0 0.125 0.0 0.0 0.0 0.0 0.07865168539325842 0.3333333333333333 0.5 0.007042253521126761 0.0 0.004759693154577075 9.165902841429881E-4 0.0 0.3333333333333333 0.25 0.06446964681906518 0.0 1.0 0.0 0.0 0.0 0.0690506329113924
0.02293950466910272 0.040748898678414094 0.0 0.2 0.0 0.5 0.0 0.0 0.12199312714776632 0.07142857142857142 0.5283208335737187 0.017857142857142856 0.0 0.001050022930166397 2.0300446609825416E-4 0.0 0.3333333333333333 0.0 0.13449299345771404 0.0 0.0 0.0 0.0 0.0 0.10802631578947369
0.04659685863874346 0.06666666666666667 0.0 0.09090909090909091 0.0 0.0 0.0 0.0 0.12195121951219512 0.0 0.4010507031510864 0.037037037037037035 0.0 0.0023413199661114405 5.235602094240838E-4 0.0 0.0 0.0 0.22015269745440164 0.0 0.0 0.0 0.0 0.0 0.033275261324041815
0.0354541706747286 0.1058002148227712 0.0 0.125 0.0 0.0 0.0 0.0 0.020104244229337303 0.2 0.5 0.022727272727272728 0.0 7.379789479240301E-4 1.374192661811186E-4 0.0 0.3333333333333333 0.005434782608695652 0.27792023697176893 1.0 0.0 0.0 0.0 0.0 0.05854384553499598
0.02748565965583174 0.048638132295719845 0.5 0.045454545454545456 0.0 0.0 0.0 0.0 0.052825552825552825 0.3333333333333333 0.5283208335737187 0.014705882352941176 0.0 0.0011439816740696756 2.390057361376673E-4 0.0 0.3333333333333333 1.0 0.16998058814033432 0.0 0.0 0.0 0.0 0.0 0.03333864541832669
0.028935380462291212 0.07659574468085106 0.0 0.034482758620689655 0.0 0.0 0.0 0.0 0.10416666666666667 0.2 0.5 0.007194244604316547 0.02857142857142857 4.086837392116797E-4 8.435970980259827E-5 0.0 0.3398692810457516 0.1 0.17156303616222304 0.0 0.3333333333333333 0.0 0.0 0.0 0.040169434090138935
0.020134228187919465 0.09210526315789473 0.0 1.0 0.0 0.0 0.0 0.0 0.13286713286713286 0.0 0.375 0.045454545454545456 0.0 0.0037374070565385133 8.389261744966443E-4 0.0 0.0 1.0 0.20888983908812017 0.0 0.5 0.0 0.0 0.0 0.03445086705202312
0.03389830508474576 0.06153846153846154 0.0 0.5 0.0 0.0 0.0 0.0 0.11235955056179775 0.0 0.21708204799307648 0.037037037037037035 0.0 0.006132852187551632 0.001303780964797914 0.0 0.0 0.0 0.15682594811793846 0.0 0.0 0.0 0.0 0.0 0.03873737373737374
0.03195266272189349 0.027210884353741496 0.0 1.0 0.0 0.0 0.0 0.0 0.06666666666666667 1.0 0.3125 0.007246376811594203 0.0 0.0028277090630296252 5.91715976331361E-4 0.0 0.3333333333333333 1.0 0.04433843136920465 0.0 0.0 0.0 0.0 0.0 0.04378238341968912
0.023060344827586208 0.035211267605633804 0.3333333333333333 0.14285714285714285 0.0 0.0 0.0 0.0 0.06565895134624469 0.03333333333333333 0.5283208335737187 0.003134796238244514 1.0 3.749745282145467E-4 7.183908045977011E-5 0.0 0.34108527131782945 0.021739130434782608 0.09517057975192439 0.0 0.0 0.0 1.0 0.0 0.040524017467248916
0.026493799323562574 0.0696969696969697 1.0 0.09090909090909091 0.0 0.0 0.0 0.0 0.08333333333333333 0.3333333333333333 0.5 0.012987012987012988 0.0 0.0027712103085541116 5.636978579481398E-4 0.0 0.3333333333333333 0.1 0.17345622282747564 0.0 0.0 0.0 0.0 0.0 0.042541966426858514
0.03669298653042266 0.07874015748031496 0.0 0.045454545454545456 0.0 0.0 0.0 0.0 0.08672086720867209 0.0 0.5 0.027777777777777776 0.5 0.0020923325581650182 4.6446818392940084E-4 0.0 0.0 0.1111111111111111 0.2038281904217046 0.0 0.0 0.0 0.0 0.0 0.03152269399707174
0.033112582781456956 0.1620745542949757 0.0 0.045454545454545456 0.0 0.0 0.0 0.0 0.06227106227106227 0.0 0.5283208335737187 0.029411764705882353 0.0 7.656488025685299E-4 1.6556291390728477E-4 0.0 0.0 0.038461538461538464 0.26045563611060263 0.0 0.0 0.0 0.0 0.0 0.03427922814982974
0.03 0.10400000000000001 0.0 0.03225806451612903 0.0 0.0 0.0 0.0 0.02564102564102564 0.0 0.3125 0.1 0.0 0.0016969226848912412 3.448275862068965E-4 0.0 0.0 0.1 0.29280320454480846 0.05 0.0 0.0 0.0 0.0 0.040787623066104076
0.02871105681124007 0.05729166666666667 1.0 0.3333333333333333 0.0 0.0 0.0 0.0 0.043701799485861184 0.5 0.5 0.015151515151515152 0.0 0.003043968054936536 6.108735491753207E-4 0.0 0.3333333333333333 0.0 0.16346122541534078 0.0 0.0 0.0 0.0 0.0 0.03806976744186046
0.02546296296296296 0.18518518518518517 0.0 0.3333333333333333 0.0 0.0 0.0 0.0 0.06153846153846154 0.0 0.5 0.058823529411764705 0.0 0.005538588220870933 0.0011574074074074073 0.0 0.0 0.0 0.33837253251881094 0.0 0.0 0.0 0.0 0.0 0.0467027027027027
0.03379416282642089 0.02542372881355932 0.0 1.0 0.0 0.0 0.0 0.0 0.1 0.5 0.13994347958170356 0.020833333333333332 0.0 0.007527299168456166 0.0015360983102918587 0.0 0.3333333333333333 0.5 0.10098718023835933 0.0 0.0 0.0 0.5 0.0 0.05761061946902655
0.026869219242494705 0.07518573551263001 0.3333333333333333 0.0 0.0 0.0 0.0 0.0 0.10887772194304858 0.05263157894736842 0.5283208335737187 0.010869565217391304 0.05 2.616131209396864E-4 5.167157546633597E-5 0.0 0.3333333333333333 0.029411764705882353 0.1634228188593092 1.0 0.0 0.0 0.0 0.0 0.037110258868648126
0.023457862728062558 0.19767441860465118 0.0 0.14285714285714285 0.0 0.0 0.0 0.0 0.08968609865470852 0.0 0.430827083453526 0.02631578947368421 0.0 0.0041689695123406645 8.688097306689834E-4 0.0 0.0 0.0 0.24313102383670243 0.5 0.0 0.0 0.0 0.5 0.04641129032258065
0.0259852750108272 0.20689655172413796 0.0 0.125 0.0 0.0 0.0 0.0 0.1377245508982036 0.0 0.5283208335737187 0.05555555555555555 0.0 0.00217393879997811 4.3308791684711995E-4 0.0 0.0 0.0 0.2898687068361204 1.0 1.0 0.0 0.0 0.0 0.08396363636363637
0.0018148820326678765 0.03225806451612903 0.0 0.0 1.0 0.0 0.0 0.0 0.10833333333333334 0.5 0.5283208335737187 0.008333333333333333 0.0 0.009870918920941042 0.0018148820326678765 0.0 0.3333333333333333 0.0 0.05070422717375904 0.3333333333333333 1.0 0.0 0.0 0.0 0.68875
0.0017985611510791368 0.09375 0.0 1.0 0.0 0.0 1.0 0.0 0.08333333333333333 0.0 0.46438561897747244 0.047619047619047616 1.0 0.008368736623022297 0.0017985611510791368 0.0 0.0 0.0 0.2762453796624813 0.0 0.0 0.0 0.0 0.0 0.695
0.0012547051442910915 0.016194331983805668 0.0 0.0 1.0 0.0 0.0 0.0 0.10833333333333334 0.5 0.5283208335737187 0.0040650406504065045 0.0 0.006808725444914866 0.0012547051442910915 0.0 0.3333333333333333 0.0 0.0255277373018276 0.3333333333333333 1.0 0.0 0.0 0.0 0.8855555555555555
1.7711654268508679E-4 7.960199004975124E-4 0.0 0.0 1.0 0.0 1.0 0.0 0.11320754716981132 0.5 0.09265181250813012 2.0161290322580645E-4 0.3333333333333333 0.0010172895718192812 1.7711654268508679E-4 0.0 0.3333333333333333 0.25 0.002292695291220973 0.0 0.0 0.0 0.0 0.0 0.549061282323769
0.022222222222222223 0.0 0.0 0.0 0.0 0.0 1.0 0.0 0.18181818181818182 0.0 0.0 0.0 0.0 0.1047475749758921 0.022222222222222223 0.0 0.0 0.0 0.0 0.0 0.0 0.0 0.0 0.0 0.15
9.074410163339383E-4 0.13020833333333334 0.0 0.1 0.0 0.0 0.0 0.0 0.058823529411764705 0.0 0.46438561897747244 0.07142857142857142 0.0 0.003911185310573678 9.074410163339383E-4 0.0 0.0 0.25 0.34590930240930384 0.0 0.0 0.0 0.0 0.0 0.19678571428571429
0.0018975332068311196 0.03571428571428571 0.0 0.0 1.0 0.0 0.0 0.0 0.10833333333333334 0.5 0.5283208335737187 0.008130081300813009 0.0 0.010230425216950225 0.0018975332068311196 0.0 0.3333333333333333 0.0 0.05413038207344383 0.3333333333333333 1.0 0.0 0.0 0.0 0.9487666034155597
8.710042679209128E-5 3.6801913699512377E-4 0.0 0.0 1.0 0.0 1.0 0.0 0.11320754716981132 0.5 0.09265181250813012 9.255831173639393E-5 0.3333333333333333 4.885720904105215E-4 8.710042679209128E-5 0.0 0.3333333333333333 0.25 0.0010566341261896092 0.0 0.0 0.0 0.0 0.0 0.270011323055483
4.349528076203732E-5 3.145360593125141E-4 0.0 0.0 1.0 0.0 0.0 0.0 0.096 0.3333333333333333 0.10325716552100546 1.349892008639309E-4 0.5 1.6555438092560442E-4 4.349528076203732E-5 0.0 0.3333333333333333 0.0 6.405317802365264E-4 1.0 0.0 0.0 0.0 0.0 0.05654386499064851
0.03266331658291457 0.031446540880503145 0.0 1.0 0.0 0.0 0.0 0.0 0.08571428571428572 0.5 0.10416666666666667 0.014705882352941176 1.0 0.011641103700010896 0.002512562814070352 0.0 0.6666666666666666 0.25 0.04879572717609141 0.5 0.0 0.0 0.0 0.0 0.05306666666666666
5.938242280285036E-4 0.006766917293233083 0.0 0.0 1.0 0.0 1.0 0.0 0.08843537414965986 0.5 0.5283208335737187 0.0013736263736263737 0.5 0.0033651662308671827 5.938242280285036E-4 0.0 0.3333333333333333 0.0 0.010017432548810667 0.3333333333333333 1.0 0.0 0.0 0.0 0.30618181818181817
1.9168104274487253E-4 8.686210640608035E-4 0.0 0.0 1.0 0.0 1.0 0.0 0.11320754716981132 0.5 0.09265181250813012 2.2026431718061675E-4 0.3333333333333333 0.0011066467993452306 1.9168104274487253E-4 0.0 0.3333333333333333 0.25 0.0025085478959337697 0.0 0.0 0.0 0.0 0.0 0.5942112325091048
1.9884668920262477E-4 0.12633832976445397 0.0 0.5 0.0 0.0 1.0 0.0 0.06818181818181818 0.0 0.5283208335737187 0.05555555555555555 0.0 9.49627277674532E-4 1.9884668920262477E-4 0.0 0.0 0.0 0.3023258630442982 0.0 0.0 0.0 0.0 0.0 0.9942334460131239
8.809796493700995E-5 6.59444182760245E-4 0.0 0.0 1.0 0.0 0.0 0.0 0.096 0.3333333333333333 0.11619184569467395 2.834467120181406E-4 0.5 3.5554548613027826E-4 8.809796493700995E-5 0.0 0.3333333333333333 0.0 0.0014101720419051845 1.0 0.0 0.0 0.0 0.0 0.11452735441811294
0.0014265335235378032 0.020100502512562814 0.0 0.0 1.0 0.0 1.0 0.0 0.10833333333333334 0.5 0.5283208335737187 0.004608294930875576 0.0 0.007725358089683639 0.0014265335235378032 0.0 0.3333333333333333 0.0 0.032292143266422706 0.3333333333333333 1.0 0.0 0.0 0.0 0.2804
1.3622122326658494E-4 5.944419676029127E-4 0.0 0.0 1.0 0.0 1.0 0.0 0.11320754716981132 0.5 0.09265181250813012 1.5006002400960383E-4 0.3333333333333333 7.627765113760487E-4 1.3622122326658494E-4 0.0 0.3333333333333333 0.25 0.0016947052931842663 0.0 0.0 0.0 0.0 0.0 0.42228579212641326
6.600660066006601E-4 0.20689655172413796 0.0 0.1111111111111111 0.0 0.0 1.0 0.0 0.08211143695014662 0.0 0.5 0.047619047619047616 0.0 0.003435097806023219 6.600660066006601E-4 0.0 0.0 0.0 0.3274202444775454 0.0 0.0 0.0 0.0 0.0 0.45909090909090916
4.009140841117748E-5 2.891725533936465E-4 0.0 0.0 1.0 0.0 0.0 0.0 0.096 0.3333333333333333 0.10481344290717079 1.2408487405385284E-4 0.5 1.5237768931418799E-4 4.009140841117748E-5 0.0 0.3333333333333333 0.0 5.898347673003178E-4 1.0 0.0 0.0 0.0 0.0 0.05211883093453073
0.001564945226917058 0.023809523809523808 0.0 0.0 1.0 0.0 0.0 0.0 0.10833333333333334 0.5 0.5283208335737187 0.005025125628140704 0.0 0.008511677374237317 0.001564945226917058 0.0 0.3333333333333333 0.0 0.03619124826301625 0.3333333333333333 1.0 0.0 0.0 0.0 0.639
6.900835001035126E-5 2.882467392087627E-4 0.0 0.0 1.0 0.0 1.0 0.0 0.11320754716981132 0.5 0.09265181250813012 7.240081088908195E-5 0.3333333333333333 3.841666262429571E-4 6.900835001035126E-5 0.0 0.3333333333333333 0.25 8.262074505665895E-4 0.0 0.0 0.0 0.0 0.0 0.2139258850320889
1.0374520178441747E-4 0.11141304347826086 0.0 0.3333333333333333 0.0 0.0 1.0 0.0 0.07018596280743851 0.3333333333333333 0.5283208335737187 0.009523809523809525 0.0 5.040747855550579E-4 1.0374520178441747E-4 0.0 0.3333333333333333 0.0 0.26409655483674477 0.0 0.5 0.0 0.0 0.0 0.8922087353459902
8.101758081503687E-5 6.030843456534849E-4 0.0 0.0 1.0 0.0 0.0 0.0 0.096 0.3333333333333333 0.11228559569467395 2.591344908007256E-4 0.5 3.243809790275045E-4 8.101758081503687E-5 0.0 0.3333333333333333 0.0 0.0012796574535192842 1.0 0.0 0.0 0.0 0.0 0.10532285505954792
0.0010245901639344263 0.014778325123152709 0.0 0.0 1.0 0.0 1.0 0.0 0.08843537414965986 0.5 0.5283208335737187 0.0032258064516129032 0.5 0.005808952304876976 0.0010245901639344263 0.0 0.3333333333333333 0.0 0.022120133551613016 0.3333333333333333 1.0 0.0 0.0 0.0 0.48800000000000004
2.3069115068745963E-5 9.361323691169931E-5 0.0 0.0 1.0 0.0 1.0 0.0 0.11320754716981132 0.5 0.09265181250813012 2.3438964935308456E-5 0.3333333333333333 1.0624912117618074E-4 2.3069115068745963E-5 0.0 0.3333333333333333 0.25 2.469210335210135E-4 0.0 0.0 0.0 0.0 0.0 0.07151425671311248
6.009976561091412E-5 4.401685216625794E-4 0.0 0.0 1.0 0.0 0.0 0.0 0.096 0.3333333333333333 0.11154840086834243 1.89000189000189E-4 0.5 2.3496013585998858E-4 6.009976561091412E-5 0.0 0.3333333333333333 0.0 9.216156425367113E-4 1.0 0.0 0.0 0.0 0.0 0.07812969529418835
4.3956043956043956E-4 0.004751847940865892 0.0 0.0 1.0 0.0 1.0 0.0 0.08843537414965986 0.5 0.5283208335737187 9.587727708533077E-4 0.5 0.002521173665484471 4.3956043956043956E-4 0.0 0.3333333333333333 0.0 0.007161165806667119 0.3333333333333333 1.0 0.0 0.0 0.0 0.5833333333333333
1.318217769575534E-4 5.74300071787509E-4 0.0 0.0 1.0 0.0 1.0 0.0 0.11320754716981132 0.5 0.09265181250813012 1.4492753623188405E-4 0.3333333333333333 7.413534870189208E-4 1.318217769575534E-4 0.0 0.3333333333333333 0.25 0.0016406917841730517 0.0 0.0 0.0 0.0 0.0 0.40864750856841553
7.209285559801023E-5 0.11219512195121951 0.0 0.125 0.0 0.0 1.0 0.0 0.013254786450662739 0.25 0.5 0.022727272727272728 0.0 3.303985368000003E-4 7.209285559801023E-5 0.0 0.3333333333333333 0.0 0.29144846105991523 0.0 0.0 0.0 0.0 0.0 0.23790642347343377
5.9049306170652494E-5 4.3212543984196553E-4 0.0 0.0 1.0 0.0 0.0 0.0 0.096 0.3333333333333333 0.11571311034733697 1.8556318426424197E-4 0.5 2.3037120746118752E-4 5.9049306170652494E-5 0.0 0.3333333333333333 0.0 9.119197348279573E-4 1.0 0.0 0.0 0.0 0.0 0.07676409802184825
4.3821209465381246E-4 0.004754358161648178 0.0 0.0 1.0 0.0 1.0 0.0 0.08843537414965986 0.5 0.5283208335737187 7.047216349541931E-4 0.5 0.002517916203881371 4.3821209465381246E-4 0.0 0.3333333333333333 0.0 0.007224072233862219 0.3333333333333333 1.0 0.0 0.0 0.0 0.34575757575757576
3.715124270906862E-5 1.520623455616803E-4 0.0 0.0 1.0 0.0 1.0 0.0 0.11320754716981132 0.5 0.09265181250813012 3.8109756097560976E-5 0.3333333333333333 1.998468528699255E-4 3.715124270906862E-5 0.0 0.3333333333333333 0.25 4.304084111473603E-4 0.0 0.0 0.0 0.0 0.0 0.11516885239811273
6.618133686300463E-4 0.11801242236024846 0.0 1.0 0.0 0.0 1.0 0.0 0.09333333333333334 0.0 0.5 0.045454545454545456 0.0 0.0030945600822599134 6.618133686300463E-4 0.0 0.0 0.0 0.28798895460871926 0.0 1.0 0.0 0.0 0.0 0.8888235294117647
7.526153383005946E-5 5.577244841048522E-4 0.0 0.0 1.0 0.0 0.0 0.0 0.096 0.3333333333333333 0.11571311034733697 2.3963575365444525E-4 0.5 3.001531107922872E-4 7.526153383005946E-5 0.0 0.3333333333333333 0.0 0.0011908466919850818 1.0 0.0 0.0 0.0 0.0 0.0978399939790773
8.539709649871904E-4 0.010948905109489052 0.0 0.0 1.0 0.0 1.0 0.0 0.08843537414965986 0.5 0.5283208335737187 0.002331002331002331 0.5 0.0047771998390301225 8.539709649871904E-4 0.0 0.3333333333333333 0.0 0.016230158862994205 0.3333333333333333 1.0 0.0 0.0 0.0 0.37774193548387097
2.644313404024645E-5 1.0751243112484882E-4 0.0 0.0 1.0 0.0 1.0 0.0 0.11320754716981132 0.5 0.09265181250813012 2.6925148088314486E-5 0.3333333333333333 1.410035505245069E-4 2.644313404024645E-5 0.0 0.3333333333333333 0.25 3.035515909253513E-4 0.0 0.0 0.0 0.0 0.0 0.08197371552476398
3.486750348675035E-4 0.07331378299120234 0.0 0.09090909090909091 0.0 0.0 1.0 0.0 0.06466512702078522 0.3333333333333333 0.5 0.012987012987012988 0.0 0.0017244372930270964 3.486750348675035E-4 0.0 0.3333333333333333 0.0 0.19054793015564567 0.0 0.0 0.0 0.0 0.0 0.9414225941422595
6.939625260235947E-4 0.008249312557286892 0.0 0.0 1.0 0.0 1.0 0.0 0.08843537414965986 0.5 0.5283208335737187 0.0014792899408284023 0.5 0.003926127907412768 6.939625260235947E-4 0.0 0.3333333333333333 0.0 0.012146606767255635 0.3333333333333333 1.0 0.0 0.0 0.0 0.2324193548387097
5.8186896310950775E-5 2.4147298520977965E-4 0.0 0.0 1.0 0.0 1.0 0.0 0.11320754716981132 0.5 0.09265181250813012 6.0606060606060605E-5 0.3333333333333333 3.1139049812741024E-4 5.8186896310950775E-5 0.0 0.3333333333333333 0.25 6.789527466209638E-4 0.0 0.0 0.0 0.0 0.0 0.1803793785639474
3.2425421530479895E-4 0.2 0.0 0.03225806451612903 0.0 0.0 1.0 0.0 0.017676767676767676 0.0 0.5 0.09090909090909091 0.0 0.001510922860012935 3.2425421530479895E-4 0.0 0.0 0.0 0.4260192797063604 0.0 0.0 0.0 0.0 0.0 0.48638132295719844
4.952701698776683E-5 3.59804677460807E-4 0.0 0.0 1.0 0.0 0.0 0.0 0.096 0.3333333333333333 0.10635392194355386 1.5444015444015445E-4 0.5 1.91438625718924E-4 4.952701698776683E-5 0.0 0.3333333333333333 0.0 7.383752583538171E-4 1.0 0.0 0.0 0.0 0.0 0.06438512208409687
0.0014184397163120568 0.020202020202020204 0.0 0.0 1.0 0.0 0.0 0.0 0.10833333333333334 0.5 0.5283208335737187 0.004651162790697674 0.0 0.007769356193349398 0.0014184397163120568 0.0 0.3333333333333333 0.0 0.03191382187114662 0.3333333333333333 1.0 0.0 0.0 0.0 0.2203125
2.1326508850501172E-4 9.811135638950208E-4 0.0 0.0 1.0 0.0 1.0 0.0 0.11320754716981132 0.5 0.09265181250813012 2.492522432701894E-4 0.3333333333333333 0.001243583552679127 2.1326508850501172E-4 0.0 0.3333333333333333 0.25 0.002846935866132455 0.0 0.0 0.0 0.0 0.0 0.6611217743655364
0.0011299435028248588 0.04964539007092199 0.0 1.0 0.0 0.0 1.0 0.0 0.0851063829787234 0.5 0.5 0.020833333333333332 0.0 0.005165872492193832 0.0011299435028248588 0.0 0.3333333333333333 0.0 0.1398187500222321 0.0 0.0 0.0 0.5 0.0 0.9833333333333334
1.256281407035176E-4 0.0012281659388646289 0.0 0.0 1.0 0.0 1.0 0.0 0.08843537414965986 0.5 0.5283208335737187 1.760253476500616E-4 0.5 7.283077549706706E-4 1.256281407035176E-4 0.0 0.3333333333333333 0.0 0.0019182119457681617 0.3333333333333333 1.0 0.0 0.0 0.0 0.2926470588235294
3.094059405940594E-4 0.13405797101449274 0.0 0.125 0.0 0.0 1.0 0.0 0.09727626459143969 0.0 0.5283208335737187 0.05 0.0 0.0015119606851408665 3.094059405940594E-4 0.0 0.0 0.0 0.2872141760226798 0.0 1.0 0.0 0.0 0.0 0.6733333333333333
3.9077764751856197E-4 0.00444247001332741 0.0 0.0 0.0 0.0 0.0 0.0 0.07377049180327869 0.5 0.5 4.610419548178884E-4 1.0 0.0015916154117123827 3.9077764751856197E-4 0.0 0.3333333333333333 0.5 0.008666917704602447 0.2 1.0 0.0 0.0 0.0 0.3516998827667058
4.1459369817578774E-4 0.008928571428571428 0.0 0.0 0.0 0.0 0.0 0.0 0.05426356589147287 0.5 0.5283208335737187 4.997501249375312E-4 0.0 0.0016604710454334118 4.1459369817578774E-4 0.0 0.3333333333333333 0.5 0.01619009342222871 0.3333333333333333 1.0 0.0 0.0 0.0 0.29021558872305137
3.9154267815191856E-4 0.004860804242156429 1.0 1.0 0.0 0.0 0.0 0.0 0.06451612903225806 0.25 0.5283208335737187 4.880429477794046E-4 0.0 0.0016416810360165863 3.9154267815191856E-4 0.0 0.3333333333333333 0.3333333333333333 0.012117741269805743 0.3333333333333333 0.0 0.0 0.0 0.0 0.9459259259259261
0.011608623548922057 0.0049261083743842365 0.0 0.0 0.0 0.0 0.0 0.0 0.08461538461538462 0.5 0.5 5.117707267144319E-4 1.0 0.001752990065331834 4.1459369817578774E-4 0.0 0.3333333333333333 0.5 0.009557488656165404 0.2 1.0 0.0 0.0 0.0 0.38903225806451613
0.0027397260273972603 0.007751937984496124 0.0 0.0 1.0 0.0 0.0 0.0 0.07142857142857142 1.0 0.012828340882528062 0.003875968992248062 0.5 0.012157033277452014 0.0027397260273972603 0.0 0.6666666666666666 0.5 0.012828340882528062 0.0 1.0 0.0 0.0 0.0 0.547945205479452
0.010107816711590296 0.04173106646058733 0.0 1.0 0.0 0.0 0.0 0.0 0.18666666666666668 0.0 0.26174984137146157 0.03571428571428571 0.0 0.003415976131691513 6.738544474393531E-4 0.0 0.0 0.041666666666666664 0.11434171200558013 0.5 0.0 0.0 0.0 0.0 0.2558620689655172
3.1113876789047915E-4 0.08133971291866028 0.0 0.0 0.0 0.0 0.0 0.0 0.057971014492753624 0.5 0.5283208335737187 0.005747126436781609 1.0 0.0017296421938452094 3.1113876789047915E-4 0.0 0.3333333333333333 0.07142857142857142 0.18922386217878528 1.0 0.16666666666666666 0.0 0.0 0.0 0.18668326073428748
2.717391304347826E-4 0.6875 0.0 1.0 0.5 0.0 0.0 0.0 0.006085192697768763 0.0 0.5283208335737187 0.2 0.0 0.0010528750882675881 2.717391304347826E-4 0.0 0.0 0.25 0.2644136061735349 0.0 1.0 0.0 0.0 0.0 0.16304347826086957
2.1982853374367993E-4 0.5471698113207547 0.0 1.0 0.5 0.0 0.0 0.0 0.007284500202347228 0.0 0.5283208335737187 0.1111111111111111 0.0 8.802815625681474E-4 2.1982853374367993E-4 0.0 0.0 0.3333333333333333 0.24078121078707096 0.0 1.0 0.0 0.0 0.0 0.9098
0.002066115702479339 0.04060913705583756 0.0 0.0 1.0 0.0 0.0 0.0 0.11504424778761062 0.5 0.5283208335737187 0.007692307692307693 0.0 0.011018337738164224 0.002066115702479339 0.0 0.3333333333333333 0.0 0.06283880826762528 0.3333333333333333 1.0 0.0 1.0 0.0 0.6914285714285714
0.035955056179775284 0.13095238095238096 0.0 0.25 0.0 0.0 0.0 1.0 0.03296703296703297 0.0 0.5283208335737187 0.029411764705882353 0.0 0.010840287902042587 0.0022471910112359553 0.0 0.0 0.14285714285714285 0.25096594120915133 0.0 0.0 0.0 0.0 0.0 0.0478494623655914
0.0010256410256410256 0.01461038961038961 0.0 0.0 1.0 0.0 0.0 1.0 0.08843537414965986 0.5 0.5283208335737187 0.002849002849002849 0.5 0.0056851350943960335 0.0010256410256410256 0.0 0.3333333333333333 0.0 0.021391234589794153 0.3333333333333333 1.0 1.0 1.0 0.0 0.8863636363636364
1.8611576400521124E-4 8.401596303297626E-4 0.0 0.0 1.0 0.0 1.0 0.0 0.11320754716981132 0.5 0.09265181250813012 2.1294718909710392E-4 0.3333333333333333 0.0010716239324634156 1.8611576400521124E-4 0.0 0.3333333333333333 0.25 0.00242180443804195 0.0 0.0 0.0 0.0 0.0 0.5769588684161548
0.0012804097311139564 0.018018018018018018 0.0 0.0 1.0 0.0 0.0 1.0 0.10833333333333334 0.5 0.5283208335737187 0.004524886877828055 0.0 0.006904579189206161 0.0012804097311139564 0.0 0.3333333333333333 0.0 0.02882527978650631 0.3333333333333333 1.0 1.0 0.0 0.0 0.781
0.02631578947368421 0.06334841628959276 0.0 0.25 0.0 0.0 0.0 0.3333333333333333 0.042105263157894736 1.0 0.5283208335737187 0.007194244604316547 0.0 0.008186111939850462 0.001644736842105263 0.0 0.3333333333333333 0.25 0.12973060134035205 0.0 0.0 0.0 0.0 0.0 0.08444444444444445
8.650519031141869E-4 0.02073365231259968 1.0 0.0 0.3333333333333333 0.0 0.0 0.0 0.06542056074766354 0.5 0.5283208335737187 0.0019230769230769232 0.0 0.004005062572904212 8.650519031141869E-4 0.0 0.6666666666666666 0.1 0.03868355884286262 0.0 0.0 0.0 0.0 0.0 0.5190311418685121
2.2578460149017836E-4 0.001047943411055803 0.0 0.0 1.0 0.0 1.0 0.0 0.11320754716981132 0.5 0.09265181250813012 2.6652452025586353E-4 0.3333333333333333 0.0013080727872590153 2.2578460149017836E-4 0.0 0.3333333333333333 0.25 0.0030228339422037932 0.0 0.0 0.0 0.0 0.0 0.6999322646195529
0.04489524442966412 0.19678714859437751 0.0 0.0 0.0 0.0 0.0 0.0 0.1606837606837607 0.0 0.5 0.038461538461538464 0.0 0.0014686469678551954 3.325573661456601E-4 0.0 0.0 0.047619047619047616 0.31823205412946537 0.5 0.25 0.0 0.0 0.0 0.02264307228915663
0.001692047377326565 0.009784735812133072 0.0 1.0 0.0 0.0 0.0 0.0 0.0 1.0 0.5 0.0020964360587002098 0.0 0.007952092724985578 0.001692047377326565 0.0 0.3333333333333333 0.0 0.024617767416266444 1.0 0.0 0.0 1.0 0.0 0.676818950930626
0.0010256410256410256 0.01461038961038961 0.0 0.0 1.0 0.0 0.0 1.0 0.08843537414965986 0.5 0.5283208335737187 0.002849002849002849 0.5 0.0056851350943960335 0.0010256410256410256 0.0 0.3333333333333333 0.0 0.021391234589794153 0.3333333333333333 1.0 1.0 1.0 0.0 0.8863636363636364
2.0052135552436334E-4 8.39278220730172E-4 0.0 0.5 1.0 0.0 0.0 0.0 0.07920792079207921 1.0 0.46438561897747244 2.1043771043771043E-4 1.0 6.362728855110089E-4 2.0052135552436334E-4 0.0 0.3333333333333333 0.0 0.0017054983082109966 0.0 1.0 0.0 0.0 0.0 0.0
3.55998576005696E-4 0.00631911532385466 0.0 1.0 0.0 0.0 0.0 0.0 0.06756756756756757 1.0 0.5283208335737187 3.9872408293460925E-4 1.0 0.0013026007629014487 3.55998576005696E-4 0.0 0.3333333333333333 0.3333333333333333 0.004801597726247009 0.3333333333333333 1.0 0.0 0.0 0.0 0.0355998576005696
0.006980409817608647 0.4995871180842279 0.0 0.14285714285714285 0.0 0.0 1.0 0.0 0.0203527815468114 0.0 0.5283208335737187 0.125 1.0 7.95427033394587E-4 2.2517451024544022E-4 0.0 0.0 0.3333333333333333 0.47092004171685253 0.0 0.0 0.0 0.0 0.0 0.040117434507678414
0.036180904522613064 0.14444444444444443 0.0 0.3333333333333333 0.0 1.0 0.0 1.0 0.12179487179487179 0.0 0.5283208335737187 0.02702702702702703 0.0 0.004543849073294721 0.0010050251256281408 0.0 0.0 0.16666666666666666 0.25186855137646325 0.0 0.0 0.0 0.0 0.0 0.03442906574394464
0.02517162471395881 0.13580246913580246 0.0 0.25 0.0 0.0 0.0 1.0 0.03296703296703297 0.0 0.5283208335737187 0.03225806451612903 0.0 0.010929067560904986 0.002288329519450801 0.0 0.0 0.14285714285714285 0.25870631556278073 0.0 0.0 0.0 0.0 0.0 0.04965909090909091
6.489292667099286E-4 0.0037369207772795215 0.0 0.5 0.0 0.0 0.0 0.0 0.0707070707070707 1.0 0.5 7.513148009015778E-4 1.0 0.002577064815813847 6.489292667099286E-4 0.0 0.3333333333333333 0.3333333333333333 0.004680548003635258 1.0 1.0 0.0 0.0 0.0 0.32446463335496434
4.730368968779565E-4 0.07023411371237459 0.0 0.14285714285714285 0.0 0.0 1.0 0.5 0.053061224489795916 1.0 0.46438561897747244 0.0070921985815602835 0.5 0.0022272216986071753 4.730368968779565E-4 0.0 0.3333333333333333 0.0 0.17680161606413966 0.0 0.0 0.0 0.0 1.0 0.7095553453169348
0.005649717514124294 0.2 0.0 0.25 1.0 0.0 0.0 0.0 0.01093983092988563 0.0 0.5283208335737187 0.05555555555555555 0.0 5.895971449558435E-4 1.6616816218012627E-4 0.0 0.0 0.25 0.343164623992293 0.0 1.0 0.0 0.0 0.0 0.027554945054945056
0.0036900369003690036 0.003968253968253968 0.0 0.0 1.0 0.0 0.0 0.0 0.0 1.0 0.012648717271831164 0.003968253968253968 0.0 0.01321437757673674 0.0036900369003690036 0.0 0.3333333333333333 0.0 0.012648717271831164 0.0 0.0 0.0 0.0 1.0 0.0
1.856665428889714E-4 8.394543546694648E-4 0.0 0.0 1.0 0.0 1.0 0.0 0.11320754716981132 0.5 0.09265181250813012 2.127659574468085E-4 0.3333333333333333 0.0010699993577348665 1.856665428889714E-4 0.0 0.3333333333333333 0.25 0.0024202047188910396 0.0 0.0 0.0 0.0 0.0 0.5755662829558114
5.790387955993051E-4 0.0028109627547434997 0.0 0.3333333333333333 0.0 0.0 0.0 0.0 0.08771929824561403 1.0 0.002281576449688847 7.037297677691766E-4 0.0 0.0023724693710276664 5.790387955993051E-4 0.0 0.3333333333333333 1.0 0.002278369736477759 1.0 1.0 0.0 0.0 0.0 0.0
1.850481125092524E-4 0.005446166736489317 0.0 0.5 0.0 0.0 0.0 0.0 0.043343653250773995 0.5 0.5 4.306632213608958E-4 0.0 6.958735935019601E-4 1.850481125092524E-4 0.0 0.3333333333333333 0.16666666666666666 0.009208665170546412 0.0 1.0 0.0 0.0 0.0 0.11102886750555144
0.0055289347585698485 8.760402978537013E-4 1.0 0.0 0.0 0.0 0.0 0.0 0.14 0.5 0.07363412555148625 4.478280340349306E-4 0.0 0.002163957079555784 3.6859565057132326E-4 0.0 0.3333333333333333 1.0 0.004226528488996038 0.5 0.0 0.0 0.0 0.0 0.09794223826714801
0.0200133422281521 0.0421875 0.0 1.0 0.0 0.0 0.0 0.0 0.18666666666666668 0.0 0.26174984137146157 0.03571428571428571 0.0 0.0033406570149869773 6.6711140760507E-4 0.0 0.0 0.041666666666666664 0.12520746355794662 0.5 0.0 0.0 0.0 0.0 0.187375
0.009214891264283083 0.011326097215667767 0.0 0.16666666666666666 0.0 0.0 0.0 0.0 0.03508771929824561 0.5 0.5283208335737187 5.102040816326531E-4 0.0 0.0015705489108555502 3.6859565057132326E-4 0.0 0.3333333333333333 0.25 0.02037503257671017 0.3333333333333333 0.0 0.0 0.0 0.0 0.22237704918032786
0.0013192612137203166 0.022443890274314215 0.0 0.0 1.0 0.0 0.0 0.0 0.08843537414965986 0.5 0.5283208335737187 0.005 0.5 0.007361349796430211 0.0013192612137203166 0.0 0.3333333333333333 0.0 0.03330530840861526 0.3333333333333333 1.0 1.0 1.0 0.0 0.9234828496042217
6.053268765133172E-4 0.013133208255159476 0.0 0.0 1.0 0.0 1.0 0.0 0.08284023668639054 0.5 0.5283208335737187 0.0014705882352941176 0.5 0.0031521246201402717 6.053268765133172E-4 0.0 0.3333333333333333 0.2 0.028989952109918483 0.3333333333333333 1.0 1.0 0.0 0.0 0.24213075060532688
0.008695652173913044 0.003852504127682994 0.0 1.0 0.0 0.0 0.0 0.0 0.07272727272727272 1.0 0.5283208335737187 5.580357142857143E-4 1.0 0.0018266216159179881 4.830917874396135E-4 0.0 0.3333333333333333 0.3333333333333333 0.0064351982467294525 0.0 0.5 0.0 0.0 0.0 0.6088235294117647
0.0024813895781637717 0.08955223880597016 0.0 0.0 0.0 0.0 1.0 0.0 0.04 0.0 0.5283208335737187 0.03333333333333333 0.0 0.010617342085032571 0.0024813895781637717 0.0 0.0 0.0 0.24221389627978723 0.0 0.0 0.0 1.0 0.0 0.7444168734491315
0.04250559284116331 0.018604651162790697 0.0 1.0 0.0 0.0 0.0 0.0 0.05263157894736842 0.25 0.08723761448161932 0.01818181818181818 0.0 0.011555230431066836 0.0022371364653243847 0.0 0.3333333333333333 0.0 0.08619534282172932 0.0 0.0 1.0 0.0 0.0 0.07095238095238095
0.009830205540661304 0.009906152241918665 0.0 0.0 0.0 0.0 0.0 0.0 0.0546875 0.5 0.5283208335737187 5.555555555555556E-4 0.0 0.0018331052750806887 4.4682752457551384E-4 0.0 0.3333333333333333 0.5 0.017920884591041103 0.3333333333333333 1.0 0.0 0.0 0.0 0.4761702127659575
0.011899876897825196 0.010211524434719182 0.0 0.0 1.0 0.0 1.0 0.0 0.08284023668639054 0.5 0.5283208335737187 0.0010718113612004287 0.5 0.0020388620796328097 4.103405826836274E-4 0.0 0.3333333333333333 0.2 0.02335534785478123 0.3333333333333333 1.0 1.0 0.0 0.0 0.05538636363636363
0.0013404825737265416 0.007518796992481203 0.0 0.0 0.5 0.0 0.0 0.0 0.07228915662650602 0.5 0.012442625639140004 0.0037593984962406013 0.25 0.005928940387116223 0.0013404825737265416 0.0 0.6666666666666666 0.25 0.012442625639140004 0.0 1.0 0.0 0.0 0.0 0.5361930294906166
3.262642740619902E-4 0.5714285714285714 0.0 0.3333333333333333 0.0 0.0 1.0 0.0 0.013713080168776372 0.0 0.5283208335737187 0.3333333333333333 1.0 0.001196942736769126 3.262642740619902E-4 0.0 0.0 0.0 0.36928035724587943 1.0 0.5 0.0 0.0 0.0 0.03262642740619902
0.024638357442837145 0.02664473684210526 0.058823529411764705 0.06666666666666667 0.0 0.0 0.0 0.0 0.08819538670284939 0.037037037037037035 0.5283208335737187 0.0031545741324921135 0.0 4.8143540032285484E-4 9.332711152589827E-5 0.0 0.3333333333333333 0.1 0.0854269769878998 0.2 1.0 0.0 0.0 0.0 0.0937445319335083
